  475.5228  665.5320
  454.4107  665.5320
  433.2986  665.5320
  496.6350  665.5320
  517.7471  665.5320
  475.5228  623.3077
  475.5228  581.0835
  475.5228  538.8592
  475.5228  517.7471
  412.1865  517.7471
  391.0743  517.7471
  369.9622  517.7471
  391.0743  496.6350
  369.9622  496.6350
  348.8501  517.7471
  306.6258  475.5228
  327.7380  454.4107
  348.8501  433.2986
  369.9622  454.4107
  412.1865  475.5228
  538.8592  517.7471
  559.9714  517.7471
  581.0835  517.7471
  559.9714  496.6350
  581.0835  496.6350
  602.1956  496.6350
  644.4199  454.4107
  623.3077  454.4107
  581.0835  454.4107
  538.8592  454.4107
  496.6350  454.4107
  475.5228  686.6441
  454.4107  686.6441
  433.2986  707.7562
  412.1865  728.8684
  412.1865  728.8684
  454.4107  707.7562
  475.5228  707.7562
  517.7471  686.6441
  538.8592  707.7562
  559.9714  707.7562
  538.8592  707.7562
  517.7471  707.7562
  538.8592  749.9805
  517.7471  728.8684
  517.7471  771.0926
  475.5228  749.9805
  433.2986  771.0926
  433.2986  728.8684
  412.1865  749.9805
  475.5228  771.0926
  496.6350  876.6533
  433.2986  876.6533
  391.0743  834.4290
  348.8501  792.2047
  327.7380  749.9805
  306.6258  686.6441
  285.5137  644.4199
  264.4016  581.0835
  264.4016  517.7471
  538.8592  876.6533
  581.0835  855.5411
  602.1956  813.3169
  623.3077  749.9805
  644.4199  686.6441
  665.5320  623.3077
  686.6441  559.9714
  686.6441  517.7471
  