  178.0923  171.1279
  171.1279  171.1279
  164.1635  171.1279
  185.0567  171.1279
  192.0211  171.1279
  178.0923  157.1991
  178.0923  143.2703
  178.0923  129.3415
  178.0923  122.3771
  157.1991  122.3771
  150.2347  122.3771
  143.2703  129.3415
  150.2347  122.3771
  143.2703  122.3771
  136.3059  122.3771
  115.4127  108.4483
  122.3771  101.4839
  136.3059   94.5195
  150.2347  101.4839
  164.1635  101.4839
  198.9855  122.3771
  205.9499  122.3771
  212.9143  122.3771
  205.9499  115.4127
  212.9143  115.4127
  219.8787  122.3771
  233.8076  108.4483
  226.8431  101.4839
  212.9143  101.4839
  198.9855  101.4839
  185.0567  101.4839
  178.0923  185.0567
  164.1635  185.0567
  157.1991  185.0567
  150.2347  192.0211
  157.1991  192.0211
  164.1635  185.0567
  178.0923  185.0567
  192.0211  178.0923
  198.9855  185.0567
  205.9499  185.0567
  198.9855  185.0567
  192.0211  185.0567
  198.9855  198.9855
  192.0211  192.0211
  192.0211  198.9855
  178.0923  192.0211
  164.1635  205.9499
  164.1635  192.0211
  157.1991  198.9855
  178.0923  198.9855
  178.0923  233.8076
  157.1991  226.8431
  143.2703  212.9143
  129.3415  198.9855
  122.3771  185.0567
  115.4127  164.1635
  108.4483  150.2347
  101.4839  129.3415
  101.4839  115.4127
  192.0211  226.8431
  205.9499  219.8787
  219.8787  205.9499
  226.8431  185.0567
  233.8076  171.1279
  240.7720  150.2347
  247.7364  129.3415
  247.7364  115.4127
  