546.1580  618.9124
521.9065  618.9124
521.9065  618.9124
570.4094  618.9124
570.4094  618.9124
546.1580  570.4094
546.1580  521.9065
546.1580  473.4036
546.1580  449.1521
473.4036  449.1521
449.1521  449.1521
424.9006  449.1521
449.1521  424.9006
424.9006  424.9006
400.6492  449.1521
352.1462  400.6492
376.3977  376.3977
424.9006  352.1462
473.4036  352.1462
497.6550  352.1462
618.9124  449.1521
643.1638  449.1521
643.1638  449.1521
643.1638  424.9006
643.1638  424.9006
667.4153  424.9006
715.9182  376.3977
691.6668  352.1462
643.1638  352.1462
618.9124  352.1462
570.4094  352.1462
546.1580  643.1638
521.9065  643.1638
497.6550  667.4153
473.4036  691.6668
497.6550  691.6668
521.9065  667.4153
546.1580  667.4153
594.6609  643.1638
618.9124  667.4153
643.1638  667.4153
618.9124  667.4153
594.6609  667.4153
618.9124  691.6668
594.6609  667.4153
594.6609  715.9182
546.1580  691.6668
497.6550  715.9182
497.6550  667.4153
473.4036  691.6668
546.1580  715.9182
546.1580  837.1755
497.6550  812.9241
449.1521  764.4211
400.6492  691.6668
376.3977  643.1638
352.1462  570.4094
327.8948  521.9065
303.6433  449.1521
303.6433  400.6492
594.6609  812.9241
643.1638  764.4211
667.4153  715.9182
691.6668  643.1638
715.9182  594.6609
740.1697  546.1580
764.4211  473.4036
764.4211  400.6492
