497.1816  892.0095
269.0454  514.6108
274.2780  570.6586
282.4629  619.2679
294.1850  673.2458
304.0525  718.8310
329.7384  767.6173
357.7482  812.6843
392.2603  850.2641
435.7884  881.9932
690.5365  506.9338
690.2287  563.3561
682.3721  619.1910
677.8218  669.9293
670.0524  720.7317
651.5946  766.8606
622.2972  807.4056
593.1896  848.9201
552.8114  879.2281
380.5254  531.0961
379.7123  516.2576
337.6976  515.9113
356.3324  526.0071
401.8611  527.8257
379.0813  513.9824
425.8644  525.4120
379.0044  500.8470
357.9227  503.9096
402.6281  507.8674
299.0405  488.9146
323.6876  482.9254
357.4276  480.8734
388.1409  482.4329
421.5449  480.9965
316.9083  458.8246
354.1957  454.7463
387.4817  460.9664
404.7647  727.6854
483.4307  766.1373
444.1067  734.2210
427.9318  746.2637
451.7042  761.2971
523.5627  733.4694
539.5554  745.0709
512.2023  759.4708
483.2332  741.1465
561.8915  726.6645
485.6109  731.5893
462.3105  711.2514
431.0867  716.5456
448.2107  727.3211
504.8536  709.2764
538.6833  715.2118
523.4113  727.9624
485.2057  715.5555
449.9343  521.3286
438.4791  599.5431
453.2611  655.1420
481.6480  659.1075
506.1053  520.7412
520.3564  597.6553
512.0817  652.0769
423.0095  640.0650
539.3990  636.2329
476.8643  621.3507
582.1934  525.7404
579.2565  511.7816
532.1759  522.7162
556.4844  523.7884
602.5134  520.0050
581.5599  507.8187
617.7546  511.1712
579.1283  497.1098
554.1785  504.7356
601.0411  499.3106
524.2373  478.0288
561.8838  480.6400
595.1749  480.6169
628.3378  480.0705
654.2315  485.1672
560.6346  454.7283
595.5058  450.8731
631.4491  454.2282
