555.1968  836.4773
320.7866  451.6349
323.1541  509.0396
336.9564  566.9676
347.1445  618.4420
360.6236  671.1630
387.8306  716.6559
417.8975  762.2975
459.8891  796.7557
505.2665  824.0114
758.8629  434.4443
755.0514  490.9820
748.3336  547.4505
741.5466  600.1100
732.1844  649.5580
709.7124  706.2625
683.2108  748.4157
649.7863  787.5294
611.3293  818.2786
438.2174  466.8967
437.3787  447.3514
392.4732  451.7760
411.9877  461.0100
461.9514  463.7238
437.6198  443.9989
484.0463  460.3329
437.7070  425.1923
413.2061  432.6668
461.2101  434.6213
354.3984  395.3999
385.5708  383.2751
424.7999  381.3155
458.4219  386.7302
493.5830  391.2600
382.4030  368.9470
423.5123  361.2546
459.7378  366.3564
473.9376  691.5779
546.9247  734.8751
509.3551  695.2227
496.1864  712.1107
519.1098  730.3042
580.4852  693.3477
604.9655  706.7139
575.3577  725.7103
545.7422  695.6485
620.4376  683.4365
546.1911  689.3232
523.3652  658.5766
494.6064  671.1784
513.4566  688.6845
565.9826  657.7866
593.4769  668.9417
583.1194  686.0939
546.0859  662.6447
519.3150  452.7584
499.5363  546.5220
515.0110  609.2696
544.2443  612.1424
567.6268  450.9834
582.0088  545.4601
574.3368  606.7636
484.3438  590.2886
600.6461  591.7789
541.4843  576.1580
651.4561  460.1405
648.3781  441.4724
601.7849  453.2252
624.1158  457.6627
674.5642  454.0178
645.7182  437.9660
690.1184  441.9033
646.6365  421.1191
622.7846  428.6449
670.7065  427.2444
588.4495  386.6686
629.4253  384.6371
665.0455  375.1928
699.0574  373.5204
721.1292  384.8603
623.8080  361.9625
661.1159  354.3932
700.3681  358.0253
